1111111010011110001111111
1000001011101100101000001
1011101000111101101011101
1011101000100110101011101
1011101011110000101011101
1000001010010010101000001
1111111010101010101111111
0000000010111011100000000
1110011011100111111110011
0110100011100101110101101
0111011010010001100001101
0010010011000100111001010
1010111101011101011001001
0101110011001001011000001
1101111010001111011001001
0011010111111010110011000
1111011011000110111110010
0000000011000110100010101
1111111000110000101010001
1000001010100101100011011
1011101001011101111111011
1011101001001001110011110
1011101010001110000010111
1000001011011011010000000
1111111010000110111010001